0.00000001
0.00000081
0.00000624
0.00002393
0.00006526
0.00014523
0.00028241
0.00049871
0.00081926
0.00127218
0.00188838
0.00270127
0.00374651
0.00506170
0.00668612
0.00866031
0.01102582
0.01382480
0.01709967
0.02089275
0.02524584
0.03019993
0.03579475
0.04206847
0.04905726
0.05679500
0.06531294
0.07463930
0.08479904
0.09581352
0.10770023
0.12047254
0.13413949
0.14870556
0.16417050
0.18052919
0.19777153
0.21588234
0.23484130
0.25462295
0.27519667
0.29652676
0.31857247
0.34128815
0.36462335
0.38852303
0.41292773
0.43777382
0.46299375
0.48851634
0.51426708
0.54016849
0.56614045
0.59210059
0.61796466
0.64364700
0.66906087
0.69411894
0.71873375
0.74281807
0.76628542
0.78905049
0.81102958
0.83214103
0.85230566
0.87144719
0.88949263
0.90637268
0.92202208
0.93637999
0.94939029
0.96100189
0.97116902
0.97985145
0.98701472
0.99263034
0.99667593
0.99913534
0.99999873
0.99926266
0.99693008
0.99301029
0.98751896
0.98047797
0.97191533
0.96186503
0.95036685
0.93746613
0.92321354
0.90766481
0.89088043
0.87292531
0.85386843
0.83378252
0.81274360
0.79083064
0.76812512
0.74471058
0.72067223
0.69609648
0.67107050
0.64568176
0.62001762
0.59416485
0.56820926
0.54223519
0.51632520
0.49055958
0.46501605
0.43976937
0.41489098
0.39044875
0.36650662
0.34312439
0.32035747
0.29825667
0.27686803
0.25623270
0.23638679
0.21736131
0.19918215
0.18187003
0.16544053
0.14990417
0.13526645
0.12152800
0.10868472
0.09672792
0.08564457
0.07541750
0.06602564
0.05744433
0.04964556
0.04259834
0.03626898
0.03062146
0.02561779
0.02121833
0.01738218
0.01406759
0.01123226
0.00883379
0.00682997
0.00517920
0.00384084
0.00277551
0.00194545
0.00131484
0.00085008
0.00052006
0.00029642
0.00015379
0.00006999
0.00002618
0.00000707
0.00000100
0.00000002
0.00000000
0.00000065
0.00000548
0.00002183
0.00006077
0.00013703
0.00026890
0.00047801
0.00078927
0.00123056
0.00183256
0.00262851
0.00365389
0.00494617
0.00654448
0.00848931
0.01082212
0.01358503
0.01682045
0.02057072
0.02487770
0.02978246
0.03532484
0.04154313
0.04847370
0.05615063
0.06460536
0.07386638
0.08395893
0.09490465
0.10672135
0.11942275
0.13301824
0.14751265
0.16290613
0.17919395
0.19636642
0.21440874
0.23330103
0.25301822
0.27353011
0.29480140
0.31679173
0.33945584
0.36274367
0.38660052
0.41096728
0.43578064
0.46097337
0.48647454
0.51220992
0.53810223
0.56407157
0.59003571
0.61591056
0.64161053
0.66704898
0.69213859
0.71679190
0.74092164
0.76444127
0.78726536
0.80931006
0.83049354
0.85073641
0.86996213
0.88809745
0.90507274
0.92082243
0.93528531
0.94840486
0.96012959
0.97041330
0.97921530
0.98650067
0.99224044
0.99641173
0.99899789
0.99998859
0.99937986
0.99717416
0.99338027
0.98801336
0.98109483
0.97265219
0.96271898
0.95133451
0.93854369
0.92439677
0.90894911
0.89226080
0.87439643
0.85542467
0.83541796
0.81445207
0.79260576
0.76996031
0.74659913
0.72260731
0.69807117
0.67307783
0.64771477
0.62206937
0.59622847
0.57027795
0.54430231
0.51838423
0.49260423
0.46704024
0.44176725
0.41685700
0.39237764
0.36839344
0.34496453
0.32214669
0.29999109
0.27854417
0.25784746
0.23793748
0.21884566
0.20059827
0.18321647
0.16671623
0.15110848
0.13639911
0.12258915
0.10967484
0.09764787
0.08649554
0.07620100
0.06674349
0.05809861
0.05023863
0.04313276
0.03674753
0.03104709
0.02599357
0.02154748
0.01766800
0.01431341
0.01144148
0.00900977
0.00697605