75.8146
75.4727
75.4518
75.8599
75.8599
75.8599
76.1999
76.3203
75.6151
75.1996
74.2529
74.2529
74.2529
74.2506
73.6618
73.3057
73.7124
73.1195
73.1195
73.1195
72.9272
73.4453
73.4201
72.9781
73.3155
73.3155
73.3155
74.6721
75.3498
75.4571
74.8392
73.6921
73.6921
73.6921
73.7175
73.6567
73.8757
73.8757
73.8757
73.8757
73.8757
73.8757
73.8757
73.8757
73.8757
73.8757
73.8757
73.8757
74.5157
74.2663
73.5264
73.7961
73.5453
73.5453
73.5453
73.9735
73.7243
73.355
73.3694
74.3615
74.3615
74.3615
74.8569
75.6354
75.04
76.1854
76.2527
76.2527
76.2527
75.5053
75.9051
76.0801
75.7293
75.1107
75.1107
75.1107
74.2602
74.1192
73.8526
73.7579
73.9378
73.9378
73.9378
73.3092
73.2895
73.7669
73.7755
73.9717
73.9833
73.9833
73.9833
73.9833
73.7532
73.4747
74.4373
74.4373
74.4373
74.0448
74.5755
73.5187
73.7864
74.4275
74.4275
74.4275
74.4275
74.264
74.0393
73.4996
73.5081
73.5081
73.5081
73.2317
72.9619
73.1019
73.6582
74.139
74.139
74.139
74.6085
75.3585
76.1535
76.1741
75.7576
75.7576
75.7576
75.8287
75.7023
75.6373
75.8073
76.0734
76.0734
76.0734
76.6052
76.3802
77.773
77.1011
77.1657
77.1657
77.1657
77.5104
77.2535
75.6826
76.9808
75.5535
75.5535
75.5535
76.2491
76.0155
76.8198
76.4217
75.0893
75.0893
75.0893
74.768
74.9578
74.939
74.3823
74.8451
74.8451
74.8451
74.8451
75.2567
74.8617
74.577
74.1373
74.1373
74.1373
74.1373
74.1567
74.04
74.3566
73.9968
73.9968
73.9968
73.8537
73.6992
73.6778
73.6007
73.5803
73.5803
73.5803
73.5266
73.3963
73.4737
73.458
73.587
73.587
73.587
73.2965
73.2411
73.4979
73.2636
73.2721
73.2721
73.2721
72.9294
72.8256
72.0829
72.1974
71.6797
71.6797
71.6797
71.6797
71.8318
72.0323
72.5048
72.2216
72.2216
72.2216
73.1987
73.1661
72.6671
72.326
72.1694
72.1694
72.1694
72.1777
72.3723
72.7234
72.9086
73.6175
73.6175
73.6175
73.354
73.266
74.058
75.1952
74.4675
74.4675
74.4675
74.6336
74.0589
74.1236
74.2197
74.1656
74.1656
74.1656
74.3463
74.491
74.4947
73.6945
73.7663
73.7663
73.7663
74.098
73.8471
73.6088
73.1904
73.1388
73.1388
73.1388
73.0156
72.8724
72.7857
73.168
73.1304
73.1304
73.1304
73.5078
73.5962
73.9695
73.5671
73.4721
73.4721
73.4721
73.392
73.4753
73.4633
74.1503
74.364
74.364
74.364
74.0666
73.9465
73.7428
73.9908
73.9866
73.9866
73.9866
73.5744
73.2781
73.1912
72.8491
72.8545
72.8545
72.8545
72.9538
73.1909
73.4421
73.129
72.76
72.76
72.76
73.0841
72.7171
72.852
72.4329
72.5602
72.5602
72.5602
73.3315
73.2067
72.8806
72.7245
73.0081
73.0081
73.0081
72.6613
72.5083
72.7608
72.6642
72.9215
72.9215
72.9215
72.9239
72.5686
72.5682
72.2854
71.9882
71.9882
71.9882
71.6373
71.8801
71.8577
71.7846
71.2371
71.2371
71.2371
71.1714
70.9674
71.0555
70.9904
70.8623
70.8623
70.8623
70.1345
69.5526
69.8104
70.5207
70.52
70.52
70.52
71.0863
71.4783
71.4876
71.4876
71.4876
71.4876
71.4876
71.3975
71.2866
70.695
71.1964
71.8118
71.8118
71.8118
72.2724
72.5553
72.8228
72.6022
72.7617
72.7617
72.7617
73.4506
74.8327